IterationNum,ModelType,TP,TN,FP,FN
0,KNN,37393,2737,6410,15686,
0,Naive Bayes,39607,12654,4196,5769
1,KNN,36188,3465,7565,15008,
1,Naive Bayes,39571,12689,4182,5784
2,KNN,37185,2768,6774,15499,
2,Naive Bayes,39678,12689,4281,5578
3,KNN,36559,3163,7304,15200,
3,Naive Bayes,39620,12699,4243,5664
4,KNN,37047,2881,6485,15813,
4,Naive Bayes,39460,12789,4072,5905
5,KNN,37102,2854,6648,15622,
5,Naive Bayes,39418,12672,4332,5804
6,KNN,36719,2952,6922,15633,
6,Naive Bayes,39469,12721,4172,5864
7,KNN,37254,2810,6600,15562,
7,Naive Bayes,39483,12648,4371,5724
8,KNN,36974,2937,6851,15464,
8,Naive Bayes,39528,12592,4297,5809
9,KNN,36616,3147,6979,15484,
9,Naive Bayes,39368,12737,4227,5894
